eq_tag, alpha_crit, C_KBM, De_chie_etg, nFC_x0, ncx_x0_ratio, psi_N_inner
125730.02445, 0.1, 0.1, 0.1, 1e+16, 17.783, 0.8500
125730.02445, 0.1, 0.1, 0.1, 1e+17, 1.259, 0.8500
125730.02445, 0.1, 0.1, 0.1, 1e+17, 4.732, 0.8500
125730.02445, 0.1, 0.1, 0.1, 1e+17, 17.783, 0.8500
125730.02445, 0.1, 0.1, 1.0, 1e+16, 17.783, 0.8500
125730.02445, 0.1, 0.1, 1.0, 1e+17, 4.732, 0.8500
125730.02445, 0.1, 0.1, 1.0, 1e+17, 17.783, 0.8500
125730.02445, 0.1, 0.1, 10.0, 1e+17, 4.732, 0.8500
125730.02445, 0.1, 0.1, 10.0, 1e+17, 17.783, 0.8500
125730.02445, 0.1, 1.0, 0.1, 1e+17, 17.783, 0.8500
125730.02445, 0.1, 1.0, 1.0, 1e+17, 17.783, 0.8500
125730.02445, 0.1, 1.0, 10.0, 1e+17, 17.783, 0.8500
125730.02445, 1.0, 0.1, 0.1, 1e+16, 17.783, 0.8500
125730.02445, 1.0, 0.1, 0.1, 1e+17, 1.259, 0.8500
125730.02445, 1.0, 0.1, 0.1, 1e+17, 4.732, 0.8500
125730.02445, 1.0, 0.1, 0.1, 1e+17, 17.783, 0.8500
125730.02445, 1.0, 0.1, 1.0, 1e+16, 17.783, 0.8500
125730.02445, 1.0, 0.1, 1.0, 1e+17, 1.259, 0.8500
125730.02445, 1.0, 0.1, 1.0, 1e+17, 4.732, 0.8500
125730.02445, 1.0, 0.1, 1.0, 1e+17, 17.783, 0.8500
125730.02445, 1.0, 0.1, 10.0, 1e+16, 17.783, 0.8500
125730.02445, 1.0, 0.1, 10.0, 1e+17, 4.732, 0.8500
125730.02445, 1.0, 0.1, 10.0, 1e+17, 17.783, 0.8500
125730.02445, 1.0, 1.0, 0.1, 1e+16, 4.732, 0.8500
125730.02445, 1.0, 1.0, 0.1, 1e+16, 17.783, 0.8500
125730.02445, 1.0, 1.0, 0.1, 1e+17, 1.259, 0.8500
125730.02445, 1.0, 1.0, 0.1, 1e+17, 4.732, 0.8500
125730.02445, 1.0, 1.0, 0.1, 1e+17, 17.783, 0.8500
125730.02445, 1.0, 1.0, 1.0, 1e+16, 4.732, 0.8500
125730.02445, 1.0, 1.0, 1.0, 1e+16, 17.783, 0.8500
125730.02445, 1.0, 1.0, 1.0, 1e+17, 1.259, 0.8500
125730.02445, 1.0, 1.0, 1.0, 1e+17, 4.732, 0.8500
125730.02445, 1.0, 1.0, 1.0, 1e+17, 17.783, 0.8500
125730.02445, 1.0, 1.0, 10.0, 1e+17, 17.783, 0.8500
125730.02445, 1.0, 10.0, 0.1, 1e+16, 17.783, 0.8500
125730.02445, 1.0, 10.0, 0.1, 1e+17, 4.732, 0.8500
125730.02445, 1.0, 10.0, 0.1, 1e+17, 17.783, 0.8500
125730.02445, 1.0, 10.0, 1.0, 1e+16, 17.783, 0.8500
125730.02445, 1.0, 10.0, 1.0, 1e+17, 4.732, 0.8500
125730.02445, 1.0, 10.0, 1.0, 1e+17, 17.783, 0.8500
125730.02445, 1.0, 10.0, 10.0, 1e+17, 4.732, 0.8500
125730.02445, 1.0, 10.0, 10.0, 1e+17, 17.783, 0.8500
125730.02445, 10.0, 0.1, 0.1, 1000000000000000.0, 17.783, 0.8500
125730.02445, 10.0, 0.1, 0.1, 1e+16, 4.732, 0.8500
125730.02445, 10.0, 0.1, 0.1, 1e+16, 17.783, 0.8500
125730.02445, 10.0, 0.1, 0.1, 1e+17, 1.259, 0.8500
125730.02445, 10.0, 0.1, 0.1, 1e+17, 4.732, 0.8500
125730.02445, 10.0, 0.1, 0.1, 1e+17, 17.783, 0.8500
125730.02445, 10.0, 0.1, 1.0, 1e+16, 4.732, 0.8500
125730.02445, 10.0, 0.1, 1.0, 1e+16, 17.783, 0.8500
125730.02445, 10.0, 0.1, 1.0, 1e+17, 1.259, 0.8500
125730.02445, 10.0, 0.1, 1.0, 1e+17, 4.732, 0.8500
125730.02445, 10.0, 0.1, 1.0, 1e+17, 17.783, 0.8500
125730.02445, 10.0, 0.1, 10.0, 1e+16, 17.783, 0.8500
125730.02445, 10.0, 0.1, 10.0, 1e+17, 1.259, 0.8500
125730.02445, 10.0, 0.1, 10.0, 1e+17, 4.732, 0.8500
125730.02445, 10.0, 0.1, 10.0, 1e+17, 17.783, 0.8500
125730.02445, 10.0, 1.0, 0.1, 1000000000000000.0, 17.783, 0.8500
125730.02445, 10.0, 1.0, 0.1, 1e+16, 4.732, 0.8500
125730.02445, 10.0, 1.0, 0.1, 1e+16, 17.783, 0.8500
125730.02445, 10.0, 1.0, 0.1, 1e+17, 1.259, 0.8500
125730.02445, 10.0, 1.0, 0.1, 1e+17, 4.732, 0.8500
125730.02445, 10.0, 1.0, 0.1, 1e+17, 17.783, 0.8500
125730.02445, 10.0, 1.0, 1.0, 1e+16, 4.732, 0.8500
125730.02445, 10.0, 1.0, 1.0, 1e+16, 17.783, 0.8500
125730.02445, 10.0, 1.0, 1.0, 1e+17, 1.259, 0.8500
125730.02445, 10.0, 1.0, 1.0, 1e+17, 4.732, 0.8500
125730.02445, 10.0, 1.0, 1.0, 1e+17, 17.783, 0.8500
125730.02445, 10.0, 1.0, 10.0, 1e+16, 17.783, 0.8500
125730.02445, 10.0, 1.0, 10.0, 1e+17, 1.259, 0.8500
125730.02445, 10.0, 1.0, 10.0, 1e+17, 4.732, 0.8500
125730.02445, 10.0, 1.0, 10.0, 1e+17, 17.783, 0.8500
125730.02445, 10.0, 10.0, 0.1, 1000000000000000.0, 17.783, 0.8500
125730.02445, 10.0, 10.0, 0.1, 1e+16, 4.732, 0.8500
125730.02445, 10.0, 10.0, 0.1, 1e+16, 17.783, 0.8500
125730.02445, 10.0, 10.0, 0.1, 1e+17, 1.259, 0.8500
125730.02445, 10.0, 10.0, 0.1, 1e+17, 4.732, 0.8500
125730.02445, 10.0, 10.0, 0.1, 1e+17, 17.783, 0.8500
125730.02445, 10.0, 10.0, 1.0, 1e+16, 4.732, 0.8500
125730.02445, 10.0, 10.0, 1.0, 1e+16, 17.783, 0.8500
125730.02445, 10.0, 10.0, 1.0, 1e+17, 1.259, 0.8500
125730.02445, 10.0, 10.0, 1.0, 1e+17, 4.732, 0.8500
125730.02445, 10.0, 10.0, 1.0, 1e+17, 17.783, 0.8500
125730.02445, 10.0, 10.0, 10.0, 1e+16, 17.783, 0.8500
125730.02445, 10.0, 10.0, 10.0, 1e+17, 1.259, 0.8500
125730.02445, 10.0, 10.0, 10.0, 1e+17, 4.732, 0.8500
125730.02445, 10.0, 10.0, 10.0, 1e+17, 17.783, 0.8500
